(48.8453050031, 2.35307565328) 2.000
(48.8320684332, 2.41182825531) 5.000
(48.867221687, 2.27027693483) 6.000
(48.8716117578, 2.24933653506) 9.000
(48.8213214388, 2.45537251962) 10.000
(48.8471789821, 2.25293802515) 10.000
(48.8615768444, 2.25902702441) 10.000
(48.8691485018, 2.27224125103) 10.000
(48.8814628758, 2.38367383179) 10.000
(48.8520958913, 2.34740754195) 11.000
(48.8215800145, 2.45494779675) 12.000
(48.8232165418, 2.46016871078) 12.000
(48.8314334738, 2.4115101993) 12.000
(48.8450859307, 2.26948936839) 12.000
(48.8578717375, 2.29706549763) 12.000
(48.8588189763, 2.25832952119) 12.000
(48.8619346483, 2.39870061217) 12.000
(48.8732545226, 2.24886543775) 12.000
(48.857140829, 2.29533455314) 13.000
(48.8708601366, 2.24769299518) 13.000
(48.8210086122, 2.45551492936) 14.000
(48.8400754064, 2.43381509843) 14.000
(48.8647824278, 2.25120424857) 14.000
(48.8183933679, 2.43791766754) 15.000
(48.8302532096, 2.41400587444) 15.000
(48.8557581795, 2.35399582218) 15.000
(48.856902513, 2.33666989768) 15.000
(48.8731203887, 2.24884917245) 15.000
(48.8373323894, 2.40776275516) 16.000
(48.8400020891, 2.46422657197) 16.000
(48.8428118006, 2.2972574926) 16.000
(48.86260617, 2.23782412563) 16.000
(48.8330496955, 2.35078878768) 18.000
(48.8347628794, 2.42029690936) 18.000
(48.8622517606, 2.26098883991) 18.000
(48.8640166469, 2.26774597209) 18.000
(48.8324049718, 2.41169855654) 20.000
(48.8399672948, 2.43375148978) 20.000
(48.85646631, 2.39469777758) 20.000
(48.8577766649, 2.29329076205) 20.000
(48.861574817, 2.2910717819) 20.000
(48.8618464812, 2.37910176561) 20.000
(48.8619170093, 2.2924448277) 20.000
(48.8648376291, 2.36062929978) 20.000
(48.8652536076, 2.31333976248) 20.000
(48.8669690843, 2.31951408752) 20.000
(48.8685686134, 2.31331809304) 20.000
(48.8830346813, 2.37007425143) 20.000
(48.8319232533, 2.41202933239) 22.000
(48.833545551, 2.41033694606) 22.000
(48.8597396934, 2.39997847741) 22.000
(48.8768191638, 2.33210374339) 22.000
(48.8792159582, 2.30640768208) 22.000
(48.8420426954, 2.43848438671) 23.000
(48.8204495642, 2.44579219199) 25.000
(48.827737189, 2.3592096955) 25.000
(48.8292071873, 2.41301158121) 25.000
(48.8336849895, 2.42111102704) 25.000
(48.8476260928, 2.25278179131) 25.000
(48.8661956075, 2.26238964912) 25.000
(48.8704017043, 2.24852577475) 26.000
(48.8633555664, 2.26174532022) 27.000
(48.8646024472, 2.25171449183) 27.000
(48.8845880534, 2.34391859224) 27.000
(48.8333849101, 2.41261756721) 28.000
(48.8201249835, 2.44524393613) 30.000
(48.8220238534, 2.33628540112) 30.000
(48.8224956954, 2.3366608746) 30.000
(48.8341842636, 2.46130493573) 30.000
(48.8471653404, 2.25199572129) 30.000
(48.8630909172, 2.24159242682) 30.000
(48.8632834941, 2.24066981564) 30.000
(48.8634848878, 2.2403752961) 30.000
(48.8646850734, 2.25360607406) 30.000
(48.865022534, 2.2538285063) 30.000
(48.8693939056, 2.24776773334) 30.000
(48.8717782491, 2.27973325759) 30.000
(48.8723867386, 2.27912885453) 30.000
(48.8727584235, 2.2873548507) 30.000
(48.8764503804, 2.25765244347) 30.000
(48.8820015094, 2.39836942721) 30.000
(48.8880577555, 2.31595908796) 30.000
(48.8433252639, 2.4497117757) 31.000
(48.8785456147, 2.30757576047) 31.000
(48.8395160905, 2.43350820893) 32.000
(48.8802898189, 2.38157469859) 33.000
(48.8803986732, 2.38129958306) 34.000
(48.8353848188, 2.38157245444) 35.000
(48.8394165343, 2.43360205128) 35.000
(48.846044762, 2.2529555706) 35.000
(48.8606198209, 2.2599223737) 35.000
(48.879759998, 2.38064802989) 35.000
(48.8226749117, 2.33869560229) 40.000
(48.867043584, 2.25320074406) 40.000
(48.8691433358, 2.24587597613) 40.000
(48.8323806372, 2.41052012477) 42.000
(48.8325900983, 2.41116455985) 45.000
